  24.45  355.40
  19.45  354.74
  18.97  354.97
  17.39  353.73
  18.50  353.15
  18.50  350.58
  24.45  357.71
  19.45  358.52
  18.97  359.20
  17.30  357.53
  17.39  355.61
  17.39  351.59
  19.45  355.55
  18.97  359.35
  18.50  360.23
  13.30  356.43
  17.30  356.19
  17.39  351.89
  17.39  353.99
  17.39  357.87
  17.30  358.79
  10.39  353.81
  10.70  351.64
  13.30  349.06
  18.50  353.37
  17.39  355.83
  17.30  356.37
  10.39  351.44
  10.70  349.71
  13.30  348.05
  18.97  351.01
  18.50  352.34
  17.39  351.93
  10.70  347.59
  13.30  347.99
  17.30  348.42
