  24.45  349.51
  18.97  348.15
  17.30  347.72
  18.50  348.38
  18.97  348.11
  19.45  346.63
  18.50  347.76
  10.70  345.97
  10.70  346.79
  10.39  346.71
  13.30  347.44
  18.50  347.65
  17.30  347.46
  10.39  346.48
  10.39  347.51
  10.39  347.54
  10.70  346.73
  17.39  347.48
  17.30  347.36
  10.39  346.40
  10.39  347.36
  10.39  347.37
  10.70  346.58
  17.30  347.32
  17.39  346.82
  13.30  346.98
  10.70  346.26
  10.70  346.25
  13.30  346.94
  17.39  346.77
  18.97  345.92
  18.50  347.08
  13.30  344.60
  13.30  344.57
  17.39  346.44
  19.45  346.12
