  24.45  350.69
  19.45  349.85
  18.97  349.75
  13.30  345.99
  17.30  347.07
  18.50  345.53
  19.45  350.09
  18.97  352.86
  18.50  353.07
  10.70  347.64
  13.30  347.17
  17.39  346.02
  18.97  350.28
  18.50  353.45
  17.39  353.40
  10.39  348.28
  10.70  346.16
  13.30  343.84
  17.30  348.93
  13.30  349.91
  10.70  348.96
  10.39  347.52
  10.39  345.33
  10.70  341.95
  17.39  347.96
  17.30  350.31
  13.30  348.42
  10.39  345.69
  10.39  343.83
  10.70  341.08
  18.50  346.13
  17.39  346.84
  17.30  346.75
  10.39  342.28
  10.39  341.13
  10.70  339.60
