  24.45  355.69
  24.45  357.95
  24.45  358.12
  17.30  353.34
  18.50  352.67
  19.45  350.50
  24.45  358.11
  24.45  361.55
  19.45  359.21
  10.70  352.99
  17.30  354.39
  18.97  351.46
  24.45  358.48
  19.45  359.59
  18.97  359.55
  10.70  353.52
  13.30  352.50
  17.39  350.52
  18.50  354.60
  17.30  357.20
  10.70  353.90
  10.39  352.14
  10.39  349.78
  10.70  346.14
  19.45  353.68
  18.50  355.65
  13.30  352.83
  10.39  349.88
  10.39  347.89
  10.70  345.05
  19.45  350.82
  18.97  351.78
  17.39  350.74
  10.39  346.09
  10.39  344.93
  13.30  344.79
