  24.45  355.50
  24.45  357.47
  19.45  355.05
  17.30  353.17
  18.50  352.66
  18.97  350.35
  24.45  357.86
  19.45  358.49
  18.97  358.66
  13.30  354.48
  17.39  354.66
  18.50  351.48
  24.45  358.43
  19.45  359.47
  18.50  359.45
  10.70  353.85
  13.30  352.87
  17.39  350.92
  18.50  354.67
  17.30  357.45
  13.30  355.83
  10.39  352.70
  10.39  350.32
  10.70  346.71
  18.97  353.56
  17.39  355.47
  17.30  355.65
  10.39  350.60
  10.70  348.77
  13.30  347.19
  19.45  351.08
  18.97  352.20
  17.39  351.37
  10.39  346.71
  10.70  345.81
  17.30  347.68
