  24.45  354.43
  18.97  353.49
  18.50  353.75
  18.50  353.80
  18.97  353.40
  24.45  354.27
  18.97  353.41
  17.39  355.70
  13.30  354.49
  17.30  356.58
  17.39  355.48
  19.45  353.36
  18.50  353.69
  17.30  356.68
  10.70  354.08
  10.70  353.94
  13.30  353.99
  17.39  352.59
  17.39  352.98
  17.30  356.45
  10.39  353.58
  10.39  353.41
  13.30  353.74
  17.39  352.44
  19.45  353.23
  17.39  355.09
  10.70  352.23
  13.30  353.53
  17.30  354.67
  18.50  352.34
  19.45  351.09
  18.50  352.35
  17.39  352.17
  17.30  352.09
  17.39  351.56
  18.97  350.57
