  24.45  358.41
  24.45  360.38
  18.97  357.85
  18.50  357.46
  19.45  357.40
  24.45  358.02
  24.45  360.49
  17.30  359.96
  13.30  358.53
  13.30  358.52
  18.50  360.26
  19.45  357.45
  18.97  358.17
  17.30  361.02
  10.39  358.43
  13.30  360.00
  17.39  361.04
  18.97  357.90
  18.97  358.04
  17.30  361.02
  10.70  358.73
  10.70  358.81
  17.30  361.07
  18.97  357.95
  19.45  357.61
  17.39  359.93
  17.39  361.13
  17.39  361.20
  18.50  360.73
  19.45  357.62
  24.45  358.21
  19.45  357.63
  19.45  358.34
  18.50  357.96
  24.45  360.54
  24.45  358.31
