  24.45  359.75
  24.45  362.20
  24.45  362.64
  18.50  358.81
  18.97  357.63
  19.45  355.08
  24.45  362.34
  24.45  366.20
  19.45  364.48
  17.39  362.33
  18.50  360.61
  18.97  356.53
  24.45  362.88
  19.45  364.63
  19.45  365.67
  17.30  363.36
  17.39  360.76
  18.50  356.59
  18.97  359.43
  18.50  363.23
  17.30  363.52
  10.39  358.50
  10.70  356.12
  13.30  353.22
  19.45  358.39
  18.97  361.28
  17.39  361.02
  10.70  356.24
  13.30  355.72
  17.30  354.41
  24.45  358.29
  19.45  357.28
  18.97  357.16
  13.30  353.44
  17.30  354.54
  17.39  352.61
