  24.45  349.89
  18.50  348.43
  17.39  348.17
  18.50  348.56
  18.97  348.10
  19.45  346.41
  18.50  348.39
  17.30  350.29
  13.30  348.81
  10.70  347.08
  13.30  347.25
  18.97  347.38
  17.39  348.00
  10.39  347.11
  10.39  347.90
  10.39  347.52
  10.39  346.07
  13.30  344.43
  17.30  347.80
  10.70  346.94
  10.39  347.54
  10.39  347.21
  10.70  345.88
  10.70  342.84
  18.97  348.05
  13.30  347.27
  10.39  346.28
  10.70  346.06
  10.70  345.03
  17.39  345.97
  19.45  346.43
  17.39  346.71
  17.30  346.91
  13.30  344.58
  17.30  346.09
  18.50  345.19
