  24.45  354.33
  19.45  353.49
  18.97  353.65
  19.45  354.13
  24.45  356.23
  24.45  354.09
  24.45  356.17
  18.50  355.69
  10.70  352.33
  17.30  355.87
  17.30  354.97
  24.45  355.58
  19.45  353.69
  10.70  352.05
  10.39  352.61
  10.39  352.55
  10.70  351.40
  17.39  351.66
  18.50  352.95
  13.30  353.08
  10.39  352.18
  10.39  351.82
  10.70  350.60
  13.30  348.97
  19.45  352.78
  17.30  354.02
  10.39  350.72
  10.39  350.20
  10.70  349.41
  18.97  351.26
  24.45  353.34
  18.97  351.86
  17.39  351.04
  13.30  348.59
  18.50  350.79
  19.45  349.85
