  24.45  354.46
  19.45  353.53
  18.50  353.34
  18.97  353.45
  19.45  353.09
  24.45  353.69
  24.45  356.50
  18.50  356.09
  13.30  353.86
  13.30  353.55
  17.30  354.48
  19.45  352.60
  18.97  353.95
  13.30  354.12
  10.70  353.30
  10.39  352.68
  10.70  351.45
  17.39  351.67
  18.50  353.55
  17.30  356.02
  10.39  352.87
  10.39  352.30
  10.70  351.08
  17.39  351.48
  19.45  353.30
  17.30  354.74
  10.70  351.56
  10.39  350.93
  13.30  351.35
  18.50  351.42
  24.45  353.82
  18.97  352.43
  17.39  351.72
  17.30  351.41
  17.39  350.80
  18.97  349.91
