  24.45  354.12
  18.50  352.78
  17.39  352.58
  18.50  353.06
  18.97  352.76
  19.45  351.10
  18.97  353.18
  17.39  355.36
  13.30  353.89
  10.70  352.34
  17.30  354.85
  19.45  353.00
  17.39  352.96
  17.30  356.53
  10.70  353.90
  10.70  353.58
  13.30  353.78
  17.39  352.49
  17.39  352.96
  17.30  356.60
  10.39  353.92
  10.39  353.58
  13.30  353.86
  17.39  352.54
  18.50  352.85
  17.39  355.56
  17.30  356.44
  13.30  354.16
  17.30  355.12
  18.97  352.97
  19.45  351.35
  18.97  353.09
  17.39  352.91
  18.50  353.40
  18.50  352.85
  24.45  354.07
