  24.45  353.83
  24.45  355.79
  18.50  352.99
  19.45  353.41
  19.45  353.06
  24.45  353.96
  19.45  352.71
  17.30  354.40
  10.70  351.62
  10.39  351.52
  17.30  354.61
  24.45  355.76
  18.50  352.39
  10.70  351.33
  10.39  352.16
  10.39  352.28
  13.30  353.03
  18.50  352.82
  17.30  351.60
  10.39  350.85
  10.39  351.91
  10.39  351.98
  10.70  351.25
  17.39  351.89
  19.45  352.27
  13.30  351.49
  10.70  350.93
  10.70  350.93
  13.30  351.57
  18.97  352.16
  24.45  353.25
  19.45  352.21
  18.97  352.36
  17.39  351.50
  18.97  351.95
  24.45  353.33
