  24.45  353.79
  19.45  352.88
  17.39  352.18
  18.50  352.69
  18.97  352.53
  24.45  353.64
  19.45  352.97
  17.30  354.54
  13.30  353.18
  10.70  351.71
  17.30  354.29
  19.45  352.71
  18.50  352.88
  10.70  351.89
  10.39  352.65
  10.39  352.49
  10.70  351.55
  17.39  351.94
  18.50  352.94
  13.30  353.35
  10.39  352.77
  10.39  352.60
  10.70  351.60
  17.39  351.95
  18.97  352.76
  17.30  354.69
  13.30  353.40
  13.30  353.29
  17.30  354.42
  18.97  352.48
  24.45  353.84
  19.45  353.01
  18.50  352.91
  17.39  352.25
  18.97  352.60
  24.45  353.67
