  24.45  358.90
  24.45  361.07
  18.97  358.71
  19.45  358.89
  24.45  360.84
  24.45  358.55
  24.45  360.97
  18.50  361.36
  17.30  361.64
  17.30  361.41
  17.39  360.30
  24.45  360.38
  19.45  358.79
  17.30  361.59
  13.30  360.51
  10.70  358.82
  17.30  360.80
  18.50  357.53
  18.97  358.31
  18.50  361.92
  10.70  358.78
  10.39  358.09
  13.30  358.21
  17.39  356.51
  19.45  357.71
  18.97  360.74
  17.39  360.72
  13.30  358.18
  17.39  359.01
  18.97  356.55
  24.45  358.04
  19.45  357.29
  18.97  357.51
  18.50  357.02
  19.45  356.77
  19.45  354.73
