  2.4450000e+001  3.5396000e+002
  1.9450000e+001  3.5312000e+002
  1.8970000e+001  3.5323000e+002
  1.7300000e+001  3.5196000e+002
  1.8500000e+001  3.5185000e+002
  1.8970000e+001  3.5005000e+002
  1.8500000e+001  3.5280000e+002
  1.8500000e+001  3.5575000e+002
  1.7390000e+001  3.5585000e+002
  1.0700000e+001  3.5178000e+002
  1.7300000e+001  3.5387000e+002
  1.7390000e+001  3.5075000e+002
  1.7300000e+001  3.5270000e+002
  1.3300000e+001  3.5397000e+002
  1.0390000e+001  3.5318000e+002
  1.0390000e+001  3.5256000e+002
  1.0390000e+001  3.5098000e+002
  1.0700000e+001  3.4758000e+002
  1.8970000e+001  3.5374000e+002
  1.7390000e+001  3.5627000e+002
  1.0390000e+001  3.5319000e+002
  1.0700000e+001  3.5292000e+002
  1.3300000e+001  3.5278000e+002
  1.7300000e+001  3.5138000e+002
  1.9450000e+001  3.5348000e+002
  1.8970000e+001  3.5610000e+002
  1.0700000e+001  3.5226000e+002
  1.3300000e+001  3.5330000e+002
  1.3300000e+001  3.5227000e+002
  1.9450000e+001  3.5238000e+002
  2.4450000e+001  3.5418000e+002
  1.9450000e+001  3.5336000e+002
  1.8500000e+001  3.5312000e+002
  1.7390000e+001  3.5253000e+002
  2.4450000e+001  3.5571000e+002
  2.4450000e+001  3.5367000e+002
