  19.45  346.32
  17.30  346.63
  17.30  346.67
  10.39  342.51
  10.70  342.03
  18.97  345.20
  18.50  347.88
  17.30  349.65
  10.70  346.52
  10.39  345.69
  10.70  344.76
  17.39  346.04
  17.39  347.93
  13.30  348.64
  10.39  347.73
  10.39  347.26
  10.70  346.01
  13.30  344.46
  17.30  347.91
  10.39  347.26
  10.39  348.05
  10.39  347.67
  10.70  346.44
  13.30  344.71
  17.39  347.58
  17.39  350.35
  13.30  348.97
  10.70  347.27
  13.30  347.51
  18.50  347.48
  18.97  346.75
  18.97  348.65
  18.50  348.93
  18.50  348.79
  19.45  348.70
  24.45  349.47
