  2.4450000e+001  3.5858000e+002
  2.4450000e+001  3.6089000e+002
  1.8970000e+001  3.5867000e+002
  1.9450000e+001  3.5896000e+002
  2.4450000e+001  3.6100000e+002
  2.4450000e+001  3.5870000e+002
  1.9450000e+001  3.5780000e+002
  1.7390000e+001  3.6042000e+002
  1.7390000e+001  3.6161000e+002
  1.7300000e+001  3.6166000e+002
  1.9450000e+001  3.6171000e+002
  2.4450000e+001  3.6067000e+002
  1.8500000e+001  3.5789000e+002
  1.7390000e+001  3.6143000e+002
  1.0390000e+001  3.5914000e+002
  1.3300000e+001  3.6048000e+002
  1.8500000e+001  3.6176000e+002
  1.9450000e+001  3.5832000e+002
  1.8970000e+001  3.5810000e+002
  1.8500000e+001  3.6204000e+002
  1.7300000e+001  3.6260000e+002
  1.0700000e+001  3.5855000e+002
  1.0700000e+001  3.5684000e+002
  1.7390000e+001  3.5667000e+002
  1.8970000e+001  3.5729000e+002
  1.8970000e+001  3.6075000e+002
  1.7300000e+001  3.6088000e+002
  1.3300000e+001  3.5815000e+002
  1.3300000e+001  3.5670000e+002
  1.9450000e+001  3.5697000e+002
  2.4450000e+001  3.5793000e+002
  1.9450000e+001  3.5729000e+002
  1.8970000e+001  3.5753000e+002
  1.7300000e+001  3.5634000e+002
  1.8500000e+001  3.5626000e+002
  2.4450000e+001  3.5765000e+002
