17.3935 273.15
18.9675 273.15
17.3935 273.15
17.301  273.15
13.3049 273.15
24.4456 273.15
19.4457 273.15
17.3935 273.15
24.4456 273.15
24.4456 273.15
19.4457 273.15
19.4457 273.15
10.3902 273.15
24.4456 273.15
18.5043 273.15
19.4457 273.15
24.4456 273.15
18.5043 273.15
18.9675 273.15
18.9675 273.15
17.301  273.15
17.301  273.15
17.3935 273.15
13.3049 273.15
18.9675 273.15
18.9675 273.15
17.301  273.15
10.7026 273.15
10.7026 273.15
24.4456 273.15
18.5043 273.15
24.4456 273.15
19.4457 273.15
18.5043 273.15
13.3049 273.15
19.4457 273.15
